1.06308333869 0.377641429632 0.414338618992 0.473921725507 0.456003828035 0.359946201442 0.372430191632 0.509288443135 0.360236590923 0.403201334804 0.560481876372 0.444646467537 0.444505386786 0.733774341541 0.534244991499 0.18735747269 0.15314202283 0.136881509652 0.144813943119 0.593838107616 
0.410865429467 0.387632148004 0.362945012548 0.254824472759 0.359356074645 0.525511565569 0.35916069817 0.361105618302 0.299539299136 0.561967193497 0.31101784673 0.421438352478 0.361090923403 0.36985692908 0.364996492798 0.0505535771883 0.131812131372 0.204071636535 0.191432241805 0.104217270182 

0.200527293024 0.0894553945538 0.168611766914 0.35119650604 0.124276250522 0.144971182194 0.136131440395 0.0935679166774 0.119683477823 0.196610068853 0.161263261298 0.359316690407 0.151638887866 0.352932942712 0.223140661527 0.201331871 0.177347418673 0.0474343549027 0.0280085264009 0.193814348776 
0.114343158486 0.202391796046 0.0407671624988 0.0528709829987 0.0756642385527 0.163692132299 0.278374523335 0.125845348181 0.344917625808 0.158687847363 0.14909729756 0.121095495046 0.359892175368 0.471239839248 0.179835703325 0.0756464022132 0.19108439878 0.14520086471 0.0675887366997 0.199327267521 
0.428171935789 0.105446135316 0.0306795651709 0.248148975587 0.280358426258 0.194944282523 0.277425350267 0.245658206899 0.0545964977168 0.148171091456 0.0578782903045 0.120757993494 0.233001006885 0.343438267626 0.0876915945731 0.140151602202 0.307598400042 0.219066934619 0.068575384068 0.33588790589 
0.0616544449358 0.243809598523 0.103724891142 0.0829260593134 0.328833242636 0.232765340079 0.106525396681 0.140159195585 0.123473737803 0.153118824291 0.0165369362984 0.29030040548 0.131276605207 0.247171804922 0.187915018218 0.019031198689 0.161912760025 0.0780306284581 0.186122609051 0.0408513702141 
0.078141689654 0.296641342255 0.186148022509 0.214759837072 0.00994542633038 0.115257159912 0.174953083912 0.055961783438 0.136937777709 0.207216756788 0.127345724671 0.228515864245 0.218776760971 0.306149742888 0.225605777463 0.207267401214 0.0535608467787 0.195294523945 0.178363992684 0.0931637059053 
0.175403280016 0.133488325487 0.199368847873 0.20947505065 0.256881175402 0.0394083211413 0.0983515014446 0.279823578622 0.102046471844 0.267057161203 0.0480425483332 0.142404075523 0.256105304114 0.207323204842 0.0509613735533 0.216080157144 0.285730234397 0.215599218966 0.00214762223854 0.18174028851 
0.138579869064 0.111173674121 0.230937562118 0.190039736969 0.317022013924 0.123138889266 0.0386350339677 0.145777009061 0.226029053747 0.144199467098 0.224526921209 0.132808551243 0.214007594859 0.0758152036115 0.292081736045 0.20281278824 0.201669671665 0.0236640390627 0.165610830795 0.11195499248 
0.144070529975 0.0784306370276 0.15392395632 0.226925997306 0.166314454479 0.144462873898 0.322630552704 0.119238266632 0.0351653487899 0.360813833083 0.346937498517 0.258143291411 0.148385643402 0.172515013104 0.295103674942 0.187734001464 0.221158129696 0.209278922059 0.210545060357 0.115926055621 
0.013368963144 0.183084907377 0.0456441000264 0.275443881744 0.203834214274 0.185346314119 0.194370382431 0.13033501158 0.178755854529 0.197588928784 0.190457599011 0.0378222071762 0.313062509704 0.148846717816 0.0255356271003 0.177580970329 0.182668907742 0.147690761669 0.0585021169513 0.206469207979 
0.139698550179 0.248337376911 0.0682165495365 0.311958536923 0.132365084017 0.241875995584 0.0521158350779 0.102843343682 0.306207460643 0.086995805167 0.157522500656 0.20752676279 0.124379246911 0.229008027007 0.270317709371 0.211640378515 0.196961560549 0.0868946788121 0.140846298933 0.0676022119741 
0.167556963735 0.382849276759 0.208589335503 0.12623425593 0.147607750493 0.143958771588 0.263560122842 0.212125737256 0.229158321751 0.150533172268 0.0325274142932 0.0776184529281 0.334763676876 0.151645179204 0.175090552783 0.0670628212344 0.0451457666564 0.0791469490253 0.163093137918 0.179147431176 
0.112882902165 0.136856358301 0.200123659456 0.313466226474 0.149679013535 0.269920061144 0.200636427856 0.341297628939 0.092413520598 0.184939887829 0.0895186036513 0.21458714875 0.12034723635 0.0170041031501 0.157514343437 0.0152747285464 0.0800233291673 0.0340713349415 0.180472628808 0.271840175013 
0.210226297458 0.29766029744 0.242906729973 0.0949309173696 0.158395209471 0.177290381209 0.25703072537 0.0577568306986 0.118761221504 0.104478139184 0.202536812652 0.224443635453 0.092343483733 0.276263383428 0.137949979894 0.0661066299692 0.277482098276 0.0626601714769 0.0213415079891 0.268332335123 
0.109256989058 0.31242920773 0.315571928836 0.294536173712 0.204456819105 0.122689702793 0.264676879291 0.331510434825 0.136966920036 0.136879545407 0.166699118776 0.297579278236 0.239380706595 0.0867695076619 0.166178816305 0.179804973443 0.176135727077 0.219065541483 0.00521882658881 0.253665789 
-0.274931239421 -0.116920410331 -0.194346583031 -0.360338513366 -0.122948222063 -0.232201572973 -0.289691881958 -0.180698273328 -0.21702890918 -0.149550621704 -0.274034803946 -0.223987155851 -0.123073278962 -0.396186832838 -0.0275203685872 -0.219021730566 -0.263383361077 -0.0997400745152 -0.158554695522 -0.27524043148 
-0.2230000178 -0.081208260334 -0.223558243248 -0.222509932548 -0.19723352915 -0.223044624495 -0.143421373198 -0.0948909654944 -0.141426564109 -0.193996475394 -0.222754840394 -0.0638248310407 -0.223849072504 -0.222910831172 -0.224611492852 -0.133937537755 -0.223647688905 -0.219065541483 -0.219021730566 -0.22284396461 
-0.30637167779 -0.33226166544 -0.174792063211 -0.238146008778 -0.24504229817 -0.257170921151 -0.228101515642 -0.314369826561 -0.230582835548 -0.290538169966 -0.236058584317 -0.281053533188 -0.15584137937 -0.297145502421 -0.2658755042 -0.0173225595112 -0.0852076550992 -0.219065541483 -0.219021730566 -0.122158286798 
-0.198868625505 -0.0625375550142 -0.223558243248 -0.222509932548 -0.222710291653 -0.0704603579193 -0.222843964618 -0.029706528372 -0.178293060801 -0.222665751822 -0.222754840394 -0.222688020624 -0.223849072504 -0.222910831172 -0.224611492852 -0.0627522885081 -0.0147296752778 -0.0523756078454 -0.219021730566 -0.22284396461 
-0.2004242303 -0.0904089642716 -0.223558243248 -0.222509932548 -0.190905576778 -0.223044624495 -0.127650056292 -0.222710291653 -0.175816066177 -0.222665751822 -0.0120097524594 -0.186326960636 -0.223849072504 -0.222910831172 -0.0764212548082 -0.219021730566 -0.223647688905 -0.219065541483 -0.108476267439 -0.22284396461 
-0.30675865 -0.218382947188 -0.224432572245 -0.263095396603 -0.331137769052 -0.202247813228 -0.249152916747 -0.315158013219 -0.116626803249 -0.152928187906 -0.123909136371 -0.249649715857 -0.361569002144 -0.366611882691 -0.0720656365068 -0.219021730566 -0.142237705399 -0.219065541483 -0.219021730566 -0.219021730566 

0.367622694006 0.371922693434 
0.17910117152 0.0446591323095 
0.231645728041 0.280763775634 
0.140444521516 0.307823276641 
0.418370543912 0.256645355318 
0.231253907071 0.0825421263787 
0.415170087662 0.359767104574 
0.199100258637 0.138647103037 
0.203541111495 0.294437527143 
0.550607750502 0.331458554915 
0.383635449664 0.0253290499471 
0.510555766526 0.359593082788 
0.243911845219 0.184241038841 
0.212562343157 0.280635051688 
-0.372462406183 -0.27229986252 
-0.0706108015376 -0.219021730566 
-0.486328644053 -0.359568297467 
-0.219153189611 -0.219153189611 
-0.00560079361443 -0.219021730566 
-0.243852231014 -0.359777518758 

